   Time             VI                IT                VC                VR              
  1.000000000E-03   7.703703635E+01   8.296296242E-01   6.370370333E+00   1.659259248E+01 
  2.000000000E-03   5.246419657E+01   1.415901220E+00   1.921777762E+01   2.831802440E+01 
  3.000000000E-03   2.821969724E+01   1.819320689E+00   3.539388716E+01   3.638641378E+01 
  4.000000000E-03   5.776913798E+00   1.989303744E+00   5.443700933E+01   3.978607488E+01 
  5.000000000E-03  -1.318954474E+01   1.952240589E+00   7.414473100E+01   3.904481179E+01 
  6.000000000E-03  -2.761178430E+01   1.748233944E+00   9.264710367E+01   3.496467889E+01 
  7.000000000E-03  -3.701568923E+01   1.425096577E+00   1.085137563E+02   2.850193153E+01 
  8.000000000E-03  -4.145750529E+01   1.032730604E+00   1.208028922E+02   2.065461208E+01 
  9.000000000E-03  -4.142455356E+01   6.183203098E-01   1.290581467E+02   1.236640620E+01 
  1.000000000E-02  -3.771527739E+01   2.226211551E-01   1.332628541E+02   4.452423101E+00 
  1.100000000E-02  -3.131295904E+01  -1.225200271E-01   1.337633597E+02  -2.450400542E+00 
  1.200000000E-02  -2.326545655E+01  -3.954121051E-01   1.311736990E+02  -7.908242101E+00 
  1.300000000E-02  -1.458058066E+01  -5.846422911E-01   1.262734271E+02  -1.169284582E+01 
  1.400000000E-02  -6.143631166E+00  -6.882633502E-01   1.199088989E+02  -1.376526700E+01 
  1.500000000E-02   1.339516672E+00  -7.122839227E-01   1.129061625E+02  -1.424567845E+01 
  1.600000000E-02   7.373258908E+00  -6.687200448E-01   1.060011427E+02  -1.337440090E+01 
  1.700000000E-02   1.167893502E+01  -5.734590752E-01   9.979024706E+01  -1.146918150E+01 
  1.800000000E-02   1.418103001E+01  -4.441592500E-01   9.470215543E+01  -8.883185000E+00 
  1.900000000E-02   1.497777210E+01  -2.983652394E-01   9.098953298E+01  -5.967304788E+00 
  2.000000000E-02   1.430151363E+01  -1.519688107E-01   8.873786273E+01  -3.039376215E+00 
  2.100000000E-02   1.247423325E+01  -1.809007633E-02   8.788756830E+01  -3.618015267E-01 
  2.200000000E-02   9.862981994E+00   9.359599987E-02   8.826509792E+01   1.871919997E+00 
  2.300000000E-02   6.839243700E+00   1.771071283E-01   8.961861356E+01   3.542142567E+00 
  2.400000000E-02   3.745126134E+00   2.300289775E-01   9.165429409E+01   4.600579550E+00 
  2.500000000E-02   8.681738394E-01   2.530954774E-01   9.406991636E+01   5.061909547E+00 
  2.600000000E-02  -1.574491254E+00   2.495638903E-01   9.658321320E+01   4.991277806E+00 
  2.700000000E-02  -3.442949978E+00   2.244766841E-01   9.895341607E+01   4.489533683E+00 
  2.800000000E-02  -4.673198250E+00   1.838959430E-01   1.009952792E+02   3.677918860E+00 
  2.900000000E-02  -5.269340310E+00   1.341832502E-01   1.025856752E+02   2.683665004E+00 
  3.000000000E-02  -5.291115752E+00   8.138096989E-02   1.036634963E+02   1.627619398E+00 
  3.100000000E-02  -4.838698605E+00   3.073189810E-02   1.042240606E+02   6.146379620E-01 
  3.200000000E-02  -4.036604637E+00  -1.364461811E-02   1.043094970E+02  -2.728923622E-01 
  3.300000000E-02  -3.018295858E+00  -4.891912059E-02   1.039966783E+02  -9.783824117E-01 
  3.400000000E-02  -1.912726796E+00  -7.357423386E-02   1.033842115E+02  -1.471484677E+00 
  3.500000000E-02  -8.336831949E-01  -8.730628381E-02   1.025798090E+02  -1.746125676E+00 
  3.600000000E-02   1.276355966E-01  -9.083652181E-02   1.016890949E+02  -1.816730436E+00 
  3.700000000E-02   9.067078755E-01  -8.566480445E-02   1.008065883E+02  -1.713296089E+00 
  3.800000000E-02   1.466682154E+00  -7.379785430E-02   1.000092750E+02  -1.475957086E+00 
  3.900000000E-02   1.796733699E+00  -5.748077503E-02   9.935288186E+01  -1.149615501E+00 
  4.000000000E-02   1.908399750E+00  -3.895510778E-02   9.887070244E+01  -7.791021557E-01 
  4.100000000E-02   1.830578525E+00  -2.026021641E-02   9.857462582E+01  -4.052043282E-01 
  4.200000000E-02   1.603874094E+00  -3.087953315E-03   9.845788498E+01  -6.175906631E-02 
  4.300000000E-02   1.274906090E+00   1.130594761E-02   9.849897495E+01   2.261189521E-01 
  4.400000000E-02   8.910963039E-01   2.213595958E-02   9.866618448E+01   4.427191915E-01 
  4.500000000E-02   4.963108117E-01   2.907299515E-02   9.892222926E+01   5.814599031E-01 
  4.600000000E-02   1.275928939E-01   3.219251368E-02   9.922855680E+01   6.438502736E-01 
  4.700000000E-02  -1.869167594E-01   3.189589435E-02   9.954899884E+01   6.379178871E-01 
  4.800000000E-02  -4.288987600E-01   2.881681676E-02   9.985256240E+01   5.763363351E-01 
  4.900000000E-02  -5.897374022E-01   2.372363595E-02   1.001152647E+02   4.744727189E-01 
  5.000000000E-02  -6.695614045E-01   1.742714191E-02   1.003210185E+02   3.485428382E-01 
  5.100000000E-02  -6.756779034E-01   1.070094537E-02   1.004616590E+02   2.140189075E-01 
  5.200000000E-02  -6.206467669E-01   4.219322021E-03   1.005362603E+02   8.438644043E-02 
  5.300000000E-02  -5.202303427E-01  -1.485063526E-03   1.005499316E+02  -2.970127053E-02 
  5.400000000E-02  -3.914230311E-01  -6.043330396E-03   1.005122896E+02  -1.208666079E-01 
  5.500000000E-02  -2.507216401E-01  -9.254053752E-03   1.004358027E+02  -1.850810750E-01 
  5.600000000E-02  -1.127474629E-01  -1.107139927E-02   1.003341755E+02  -2.214279853E-01 
  5.700000000E-02   1.071996726E-02  -1.158153674E-02   1.002209108E+02  -2.316307349E-01 
  5.800000000E-02   1.112847450E-01  -1.097151318E-02   1.001081455E+02  -2.194302637E-01 
  5.900000000E-02   1.840793620E-01  -9.494692647E-03   1.000058145E+02  -1.898938529E-01 
  6.000000000E-02   2.275701033E-01  -7.436445321E-03   9.992115881E+01  -1.487289064E-01 
  6.100000000E-02   2.431007033E-01  -5.083091288E-03   9.985856113E+01  -1.016618258E-01 
  6.200000000E-02   2.342613563E-01  -2.696280990E-03   9.981966427E+01  -5.392561980E-02 
  6.300000000E-02   2.061702173E-01  -4.941231215E-04   9.980371225E+01  -9.882462429E-03 
  6.400000000E-02   1.647468174E-01   1.360462052E-03   9.980804394E+01   2.720924104E-02 
  6.500000000E-02   1.160434162E-01   2.764413220E-03   9.982866832E+01   5.528826440E-02 
  6.600000000E-02   6.568342764E-02   3.673047439E-03   9.986085562E+01   7.346094879E-02 
  6.700000000E-02   1.843779944E-02   4.093653575E-03   9.989968912E+01   8.187307149E-02 
  6.800000000E-02  -2.204752108E-02   4.075604966E-03   9.994053542E+01   8.151209933E-02 
  6.900000000E-02  -5.337567132E-02   3.698489004E-03   9.997940589E+01   7.396978009E-02 
  7.000000000E-02  -7.438986828E-02   3.059661307E-03   1.000131966E+02   6.119322613E-02 
  7.100000000E-02  -8.505577512E-02   2.262433090E-03   1.000398071E+02   4.524866179E-02 
  7.200000000E-02  -8.626500735E-02   1.405829177E-03   1.000581484E+02   2.811658354E-02 
  7.300000000E-02  -7.959126433E-02   5.765478188E-04   1.000680603E+02   1.153095638E-02 
  7.400000000E-02  -6.702918555E-02  -1.565544306E-04   1.000701603E+02  -3.131088613E-03 
  7.500000000E-02  -5.074221552E-02  -7.454114360E-04   1.000656504E+02  -1.490822872E-02 
  7.600000000E-02  -3.284028783E-02  -1.163323953E-03   1.000561068E+02  -2.326647905E-02 
  7.700000000E-02  -1.520178852E-02  -1.403534334E-03   1.000432725E+02  -2.807068669E-02 
  7.800000000E-02   6.522475256E-04  -1.476282039E-03   1.000288734E+02  -2.952564079E-02 
  7.900000000E-02   1.362981058E-02  -1.404871749E-03   1.000144676E+02  -2.809743498E-02 
  8.000000000E-02   2.308871250E-02  -1.221279133E-03   1.000013369E+02  -2.442558267E-02 
  8.100000000E-02   2.881370179E-02  -9.617670619E-04   9.999042164E+01  -1.923534124E-02 
  8.200000000E-02   3.095969723E-02  -6.629000668E-04   9.998229830E+01  -1.325800134E-02 
  8.300000000E-02   2.997220928E-02  -3.582405342E-04   9.997719260E+01  -7.164810685E-03 
  8.400000000E-02   2.649607838E-02  -7.589909590E-05   9.997502190E+01  -1.517981918E-03 
  8.500000000E-02   2.128271938E-02   1.629948929E-04   9.997545738E+01   3.259897859E-03 
  8.600000000E-02   1.510438253E-02   3.449304025E-04   9.997799701E+01   6.898608050E-03 
  8.700000000E-02   8.681804953E-03   4.638613399E-04   9.998204097E+01   9.277226799E-03 
  8.800000000E-02   2.629303002E-03   5.204168797E-04   9.998696236E+01   1.040833759E-02 
  8.900000000E-02  -2.580914374E-03   5.206588229E-04   9.999216774E+01   1.041317646E-02 
  9.000000000E-02  -6.635456231E-03   4.745769698E-04   9.999714392E+01   9.491539397E-03 
  9.100000000E-02  -9.379372285E-03   3.945028273E-04   1.000014893E+02   7.890056545E-03 
  9.200000000E-02  -1.080175904E-02   2.935971706E-04   1.000049298E+02   5.871943413E-03 
  9.300000000E-02  -1.101112067E-02   1.845327721E-04   1.000073205E+02   3.690655441E-03 
  9.400000000E-02  -1.020449618E-02   7.845468779E-05   1.000086354E+02   1.569093756E-03 
  9.500000000E-02  -8.634205282E-03  -1.573881953E-05   1.000089490E+02  -3.147763906E-04 
  9.600000000E-02  -6.575592312E-03  -9.178780750E-05   1.000084113E+02  -1.835756150E-03 
  9.700000000E-02  -4.298457905E-03  -1.461580586E-04   1.000072216E+02  -2.923161172E-03 
  9.800000000E-02  -2.044062266E-03  -1.778706594E-04   1.000056015E+02  -3.557413189E-03 
  9.900000000E-02  -8.753669675E-06  -1.881347391E-04   1.000037714E+02  -3.762694782E-03 
  1.000000000E-01   1.665500375E-03  -1.798510056E-04   1.000019315E+02  -3.597020112E-03 
