   Time             VI                IT                VC                VR              
  1.000000000E-03   4.192421365E+01   5.374899196E-01   4.326793855E+00   5.374899196E+01 
  2.000000000E-03   1.468744276E+01   7.395722610E-01   1.135533040E+01   7.395722610E+01 
  3.000000000E-03  -2.748769643E-01   8.116350900E-01   1.911136715E+01   8.116350900E+01 
  4.000000000E-03  -5.407814708E+00   7.832216317E-01   2.708565076E+01   7.832216317E+01 
  5.000000000E-03  -6.820280814E+00   7.220811540E-01   3.461216469E+01   7.220811540E+01 
  6.000000000E-03  -6.859308104E+00   6.536832094E-01   4.149098651E+01   6.536832094E+01 
  7.000000000E-03  -6.422953034E+00   5.872719038E-01   4.769576207E+01   5.872719038E+01 
  8.000000000E-03  -5.851555192E+00   5.258993626E-01   5.326161840E+01   5.258993626E+01 
  9.000000000E-03  -5.271135926E+00   4.702859070E-01   5.824254475E+01   4.702859070E+01 
  1.000000000E-02  -4.725671203E+00   4.203018714E-01   6.269548364E+01   4.203018714E+01 
  1.100000000E-02  -4.228008191E+00   3.755334744E-01   6.667466037E+01   3.755334744E+01 
  1.200000000E-02  -3.779435144E+00   3.354962577E-01   7.022980903E+01   3.354962577E+01 
  1.300000000E-02  -3.377176548E+00   2.997131993E-01   7.340585632E+01   2.997131993E+01 
  1.400000000E-02  -3.017239883E+00   2.677411171E-01   7.624312790E+01   2.677411171E+01 
  1.500000000E-02  -2.695475467E+00   2.391775404E-01   7.877772119E+01   2.391775404E+01 
  1.600000000E-02  -2.407951623E+00   2.136604049E-01   8.104191092E+01   2.136604049E+01 
  1.700000000E-02  -2.151069539E+00   1.908652991E-01   8.306453944E+01   1.908652991E+01 
  1.800000000E-02  -1.921580985E+00   1.705020465E-01   8.487137616E+01   1.705020465E+01 
  1.900000000E-02  -1.716571419E+00   1.523112845E-01   8.648544282E+01   1.523112845E+01 
  2.000000000E-02  -1.533432297E+00   1.360612659E-01   8.792730557E+01   1.360612659E+01 
  2.100000000E-02  -1.369831466E+00   1.215449471E-01   8.921533664E+01   1.215449471E+01 
  2.200000000E-02  -1.223684855E+00   1.085773655E-01   9.036594820E+01   1.085773655E+01 
  2.300000000E-02  -1.093130459E+00   9.699328891E-02   9.139380147E+01   9.699328891E+00 
  2.400000000E-02  -9.765048175E-01   8.664511253E-02   9.231199348E+01   8.664511253E+00 
  2.500000000E-02  -8.723219045E-01   7.740097892E-02   9.313222394E+01   7.740097892E+00 
  2.600000000E-02  -7.792542201E-01   6.914309830E-02   9.386494432E+01   6.914309830E+00 
  2.700000000E-02  -6.961158886E-01   6.176624775E-02   9.451949105E+01   6.176624775E+00 
  2.800000000E-02  -6.218475528E-01   5.517643055E-02   9.510420444E+01   5.517643055E+00 
  2.900000000E-02  -5.555028768E-01   4.928967840E-02   9.562653499E+01   4.928967840E+00 
  3.000000000E-02  -4.962364887E-01   4.403098157E-02   9.609313829E+01   4.403098157E+00 
  3.100000000E-02  -4.432932086E-01   3.933333309E-02   9.650995986E+01   3.933333309E+00 
  3.200000000E-02  -3.959984267E-01   3.513687491E-02   9.688231090E+01   3.513687491E+00 
  3.300000000E-02  -3.537495069E-01   3.138813524E-02   9.721493595E+01   3.138813524E+00 
  3.400000000E-02  -3.160081081E-01   2.803934717E-02   9.751207336E+01   2.803934717E+00 
  3.500000000E-02  -2.822933246E-01   2.504784000E-02   9.777750930E+01   2.504784000E+00 
  3.600000000E-02  -2.521755584E-01   2.237549559E-02   9.801462598E+01   2.237549559E+00 
  3.700000000E-02  -2.252710451E-01   1.998826257E-02   9.822644477E+01   1.998826257E+00 
  3.800000000E-02  -2.012369639E-01   1.785572253E-02   9.841566469E+01   1.785572253E+00 
  3.900000000E-02  -1.797670696E-01   1.595070236E-02   9.858469682E+01   1.595070236E+00 
  4.000000000E-02  -1.605877901E-01   1.424892806E-02   9.873569497E+01   1.424892806E+00 
  4.100000000E-02  -1.434547406E-01   1.272871540E-02   9.887058319E+01   1.272871540E+00 
  4.200000000E-02  -1.281496095E-01   1.137069365E-02   9.899108023E+01   1.137069365E+00 
  4.300000000E-02  -1.144773769E-01   1.015755872E-02   9.909872149E+01   1.015755872E+00 
  4.400000000E-02  -1.022638296E-01   9.073852690E-03   9.919487855E+01   9.073852690E-01 
  4.500000000E-02  -9.135334099E-02   8.105766837E-03   9.928077665E+01   8.105766837E-01 
  4.600000000E-02  -8.160688818E-02   7.240965691E-03   9.935751031E+01   7.240965691E-01 
  4.700000000E-02  -7.290028067E-02   6.468429846E-03   9.942605729E+01   6.468429846E-01 
  4.800000000E-02  -6.512257777E-02   5.778315554E-03   9.948729102E+01   5.778315554E-01 
  4.900000000E-02  -5.817467499E-02   5.161829291E-03   9.954199174E+01   5.161829291E-01 
  5.000000000E-02  -5.196804130E-02   4.611115709E-03   9.959085647E+01   4.611115709E-01 
  5.100000000E-02  -4.642359096E-02   4.119157548E-03   9.963450783E+01   4.119157548E-01 
  5.200000000E-02  -4.147067590E-02   3.679686214E-03   9.967350205E+01   3.679686214E-01 
  5.300000000E-02  -3.704618544E-02   3.287101907E-03   9.970833599E+01   3.287101907E-01 
  5.400000000E-02  -3.309374216E-02   2.936402269E-03   9.973945351E+01   2.936402269E-01 
  5.500000000E-02  -2.956298354E-02   2.623118640E-03   9.976725112E+01   2.623118640E-01 
  5.600000000E-02  -2.640892020E-02   2.343259122E-03   9.979208301E+01   2.343259122E-01 
  5.700000000E-02  -2.359136266E-02   2.093257707E-03   9.981426559E+01   2.093257707E-01 
  5.800000000E-02  -2.107440925E-02   1.869928848E-03   9.983408152E+01   1.869928848E-01 
  5.900000000E-02  -1.882598864E-02   1.670426858E-03   9.985178330E+01   1.670426858E-01 
  6.000000000E-02  -1.681745115E-02   1.492209659E-03   9.986759648E+01   1.492209659E-01 
  6.100000000E-02  -1.502320376E-02   1.333006385E-03   9.988172256E+01   1.333006385E-01 
  6.200000000E-02  -1.342038393E-02   1.190788446E-03   9.989434154E+01   1.190788446E-01 
  6.300000000E-02  -1.198856833E-02   1.063743685E-03   9.990561420E+01   1.063743685E-01 
  6.400000000E-02  -1.070951259E-02   9.502532804E-04   9.991568418E+01   9.502532804E-02 
  6.500000000E-02  -9.566918807E-03   8.488711235E-04   9.992467981E+01   8.488711234E-02 
  6.600000000E-02  -8.546227920E-03   7.583053898E-04   9.993271569E+01   7.583053898E-02 
  6.700000000E-02  -7.634434150E-03   6.774020795E-04   9.993989423E+01   6.774020795E-02 
  6.800000000E-02  -6.819919307E-03   6.051303122E-04   9.994630689E+01   6.051303122E-02 
  6.900000000E-02  -6.092304740E-03   5.405691919E-04   9.995203539E+01   5.405691919E-02 
  7.000000000E-02  -5.442319091E-03   4.828960728E-04   9.995715271E+01   4.828960728E-02 
  7.100000000E-02  -4.861680160E-03   4.313760765E-04   9.996172407E+01   4.313760765E-02 
  7.200000000E-02  -4.342989374E-03   3.853527289E-04   9.996580772E+01   3.853527289E-02 
  7.300000000E-02  -3.879637508E-03   3.442395945E-04   9.996945568E+01   3.442395945E-02 
  7.400000000E-02  -3.465720475E-03   3.075128045E-04   9.997271444E+01   3.075128045E-02 
  7.500000000E-02  -3.095964091E-03   2.747043817E-04   9.997562553E+01   2.747043817E-02 
  7.600000000E-02  -2.765656873E-03   2.453962769E-04   9.997822603E+01   2.453962769E-02 
  7.700000000E-02  -2.470590005E-03   2.192150425E-04   9.998054909E+01   2.192150425E-02 
  7.800000000E-02  -2.207003707E-03   1.958270739E-04   9.998262430E+01   1.958270739E-02 
  7.900000000E-02  -1.971539331E-03   1.749343587E-04   9.998447810E+01   1.749343587E-02 
  8.000000000E-02  -1.761196558E-03   1.562706793E-04   9.998613413E+01   1.562706793E-02 
  8.100000000E-02  -1.573295175E-03   1.395982206E-04   9.998761347E+01   1.395982206E-02 
  8.200000000E-02  -1.405440918E-03   1.247045402E-04   9.998893499E+01   1.247045402E-02 
  8.300000000E-02  -1.255494967E-03   1.113998608E-04   9.999011551E+01   1.113998608E-02 
  8.400000000E-02  -1.121546692E-03   9.951465247E-05   9.999117008E+01   9.951465246E-03 
  8.500000000E-02  -1.001889307E-03   8.889747247E-05   9.999211214E+01   8.889747247E-03 
  8.600000000E-02  -8.949981219E-04   7.941303533E-05   9.999295369E+01   7.941303533E-03 
  8.700000000E-02  -7.995111165E-04   7.094048913E-05   9.999370546E+01   7.094048914E-03 
  8.800000000E-02  -7.142115831E-04   6.337187564E-05   9.999437702E+01   6.337187564E-03 
  8.900000000E-02  -6.380126240E-04   5.661075460E-05   9.999497694E+01   5.661075460E-03 
  9.000000000E-02  -5.699433025E-04   5.057097497E-05   9.999551285E+01   5.057097497E-03 
  9.100000000E-02  -5.091362708E-04   4.517557710E-05   9.999599158E+01   4.517557710E-03 
  9.200000000E-02  -4.548167179E-04   4.035581216E-05   9.999641924E+01   4.035581216E-03 
  9.300000000E-02  -4.062924973E-04   3.605026608E-05   9.999680127E+01   3.605026608E-03 
  9.400000000E-02  -3.629453070E-04   3.220407706E-05   9.999714254E+01   3.220407706E-03 
  9.500000000E-02  -3.242228119E-04   2.876823647E-05   9.999744740E+01   2.876823647E-03 
  9.600000000E-02  -2.896316048E-04   2.569896439E-05   9.999771974E+01   2.569896439E-03 
  9.700000000E-02  -2.587309203E-04   2.295715176E-05   9.999796302E+01   2.295715176E-03 
  9.800000000E-02  -2.311270179E-04   2.050786207E-05   9.999818034E+01   2.050786207E-03 
  9.900000000E-02  -2.064681653E-04   1.831988615E-05   9.999837448E+01   1.831988615E-03 
  1.000000000E-01  -1.844401561E-04   1.636534455E-05   9.999854791E+01   1.636534455E-03 
