# Comparacao MATLAB (analitico) x PSIM - caso superamortecido (R = 100 ohm, L = 100 mH, C = 100 uF, Vs = 100 V)
Time(s)     IT_calc(A)    IT_psim(A)    Erro_IT(A)    Erro_IT(%)  VC_calc(V)    VC_psim(V)    Erro_VC(V)    Erro_VC(%)  
1.0000e-03  6.218081e-01  5.374899e-01  8.431814e-02  15.687      3.650404e+00  4.326794e+00  -6.763900e-01 -15.633     
2.0000e-03  8.115738e-01  7.395723e-01  7.200158e-02  9.736       1.103401e+01  1.135533e+01  -3.213245e-01 -2.830      
3.0000e-03  8.305027e-01  8.116351e-01  1.886760e-02  2.325       1.932806e+01  1.911137e+01  2.166884e-01  1.134       
4.0000e-03  7.853974e-01  7.832216e-01  2.175741e-03  0.278       2.743704e+01  2.708565e+01  3.513892e-01  1.297       
5.0000e-03  7.195631e-01  7.220812e-01  -2.518040e-03 -0.349      3.496955e+01  3.461216e+01  3.573805e-01  1.033       
6.0000e-03  6.502306e-01  6.536832e-01  -3.452589e-03 -0.528      4.181772e+01  4.149099e+01  3.267343e-01  0.787       
7.0000e-03  5.839580e-01  5.872719e-01  -3.313866e-03 -0.564      4.798480e+01  4.769576e+01  2.890333e-01  0.606       
8.0000e-03  5.229661e-01  5.258994e-01  -2.933232e-03 -0.558      5.351466e+01  5.326162e+01  2.530402e-01  0.475       
9.0000e-03  4.677408e-01  4.702859e-01  -2.545107e-03 -0.541      5.846341e+01  5.824254e+01  2.208621e-01  0.379       
1.0000e-02  4.180993e-01  4.203019e-01  -2.202615e-03 -0.524      6.288811e+01  6.269548e+01  1.926266e-01  0.307       
1.1000e-02  3.736242e-01  3.755335e-01  -1.909295e-03 -0.508      6.684262e+01  6.667466e+01  1.679586e-01  0.252       
1.2000e-02  3.338381e-01  3.354963e-01  -1.658128e-03 -0.494      7.037622e+01  7.022981e+01  1.464135e-01  0.208       
1.3000e-02  2.982715e-01  2.997132e-01  -1.441713e-03 -0.481      7.353344e+01  7.340586e+01  1.275861e-01  0.174       
1.4000e-02  2.664869e-01  2.677411e-01  -1.254171e-03 -0.468      7.635425e+01  7.624313e+01  1.111269e-01  0.146       
1.5000e-02  2.380865e-01  2.391775e-01  -1.091025e-03 -0.456      7.887446e+01  7.877772e+01  9.673611e-02  0.123       
1.6000e-02  2.127116e-01  2.136604e-01  -9.487960e-04 -0.444      8.112607e+01  8.104191e+01  8.415515e-02  0.104       
1.7000e-02  1.900406e-01  1.908653e-01  -8.246734e-04 -0.432      8.313770e+01  8.306454e+01  7.315936e-02  0.088       
1.8000e-02  1.697857e-01  1.705020e-01  -7.163160e-04 -0.420      8.493493e+01  8.487138e+01  6.355266e-02  0.075       
1.9000e-02  1.516896e-01  1.523113e-01  -6.217277e-04 -0.408      8.654061e+01  8.648544e+01  5.516330e-02  0.064       
2.0000e-02  1.355221e-01  1.360613e-01  -5.391836e-04 -0.396      8.797515e+01  8.792731e+01  4.784067e-02  0.054       
2.1000e-02  1.210778e-01  1.215449e-01  -4.671813e-04 -0.384      8.925679e+01  8.921534e+01  4.145256e-02  0.046       
2.2000e-02  1.081730e-01  1.085774e-01  -4.044071e-04 -0.372      9.040183e+01  9.036595e+01  3.588288e-02  0.040       
2.3000e-02  9.664358e-02  9.699329e-02  -3.497098e-04 -0.361      9.142483e+01  9.139380e+01  3.102971e-02  0.034       
2.4000e-02  8.634303e-02  8.664511e-02  -3.020799e-04 -0.349      9.233880e+01  9.231199e+01  2.680356e-02  0.029       
2.5000e-02  7.714035e-02  7.740098e-02  -2.606318e-04 -0.337      9.315535e+01  9.313222e+01  2.312588e-02  0.025       
2.6000e-02  6.891851e-02  6.914310e-02  -2.245885e-04 -0.325      9.388487e+01  9.386494e+01  1.992777e-02  0.021       
2.7000e-02  6.157298e-02  6.176625e-02  -1.932686e-04 -0.313      9.453664e+01  9.451949e+01  1.714876e-02  0.018       
2.8000e-02  5.501036e-02  5.517643e-02  -1.660745e-04 -0.301      9.511894e+01  9.510420e+01  1.473582e-02  0.015       
2.9000e-02  4.914720e-02  4.928968e-02  -1.424824e-04 -0.289      9.563918e+01  9.562653e+01  1.264249e-02  0.013       
3.0000e-02  4.390895e-02  4.403098e-02  -1.220334e-04 -0.277      9.610397e+01  9.609314e+01  1.082805e-02  0.011       
3.1000e-02  3.922901e-02  3.933333e-02  -1.043254e-04 -0.265      9.651922e+01  9.650996e+01  9.256825e-03  0.010       
3.2000e-02  3.504787e-02  3.513687e-02  -8.900640e-05 -0.253      9.689021e+01  9.688231e+01  7.897564e-03  0.008       
3.3000e-02  3.131237e-02  3.138814e-02  -7.576818e-05 -0.241      9.722166e+01  9.721494e+01  6.722935e-03  0.007       
3.4000e-02  2.797501e-02  2.803935e-02  -6.434119e-05 -0.229      9.751778e+01  9.751207e+01  5.709018e-03  0.006       
3.5000e-02  2.499335e-02  2.504784e-02  -5.448967e-05 -0.218      9.778234e+01  9.777751e+01  4.834888e-03  0.005       
3.6000e-02  2.232949e-02  2.237550e-02  -4.600758e-05 -0.206      9.801871e+01  9.801463e+01  4.082268e-03  0.004       
3.7000e-02  1.994955e-02  1.998826e-02  -3.871486e-05 -0.194      9.822988e+01  9.822644e+01  3.435184e-03  0.003       
3.8000e-02  1.782327e-02  1.785572e-02  -3.245432e-05 -0.182      9.841854e+01  9.841566e+01  2.879690e-03  0.003       
3.9000e-02  1.592361e-02  1.595070e-02  -2.708874e-05 -0.170      9.858710e+01  9.858470e+01  2.403595e-03  0.002       
4.0000e-02  1.422643e-02  1.424893e-02  -2.249844e-05 -0.158      9.873769e+01  9.873569e+01  1.996299e-03  0.002       
4.1000e-02  1.271014e-02  1.272872e-02  -1.857908e-05 -0.146      9.887223e+01  9.887058e+01  1.648531e-03  0.002       
4.2000e-02  1.135545e-02  1.137069e-02  -1.523979e-05 -0.134      9.899243e+01  9.899108e+01  1.352240e-03  0.001       
4.3000e-02  1.014516e-02  1.015756e-02  -1.240141e-05 -0.122      9.909982e+01  9.909872e+01  1.100391e-03  0.001       
4.4000e-02  9.063858e-03  9.073853e-03  -9.995080e-06 -0.110      9.919577e+01  9.919488e+01  8.868738e-04  0.001       
4.5000e-02  8.097806e-03  8.105767e-03  -7.960934e-06 -0.098      9.928148e+01  9.928078e+01  7.063808e-04  0.001       
4.6000e-02  7.234719e-03  7.240966e-03  -6.246958e-06 -0.086      9.935806e+01  9.935751e+01  5.543017e-04  0.001       
4.7000e-02  6.463622e-03  6.468430e-03  -4.807999e-06 -0.074      9.942648e+01  9.942606e+01  4.266200e-04  0.000       
4.8000e-02  5.774711e-03  5.778316e-03  -3.604896e-06 -0.062      9.948761e+01  9.948729e+01  3.198650e-04  0.000       
4.9000e-02  5.159226e-03  5.161829e-03  -2.603709e-06 -0.050      9.954222e+01  9.954199e+01  2.310333e-04  0.000       
5.0000e-02  4.609341e-03  4.611116e-03  -1.775054e-06 -0.038      9.959101e+01  9.959086e+01  1.575013e-04  0.000       
5.1000e-02  4.118064e-03  4.119158e-03  -1.093521e-06 -0.027      9.963460e+01  9.963451e+01  9.703471e-05  0.000       
5.2000e-02  3.679149e-03  3.679686e-03  -5.371562e-07 -0.015      9.967355e+01  9.967350e+01  4.766682e-05  0.000       
5.3000e-02  3.287015e-03  3.287102e-03  -8.701330e-08 -0.003      9.970834e+01  9.970834e+01  7.725895e-06  0.000       
5.4000e-02  2.936676e-03  2.936402e-03  2.732344e-07  0.009       9.973943e+01  9.973945e+01  -2.423835e-05 -0.000      
5.5000e-02  2.623676e-03  2.623119e-03  5.576411e-07  0.021       9.976720e+01  9.976725e+01  -4.947948e-05 -0.000      
5.6000e-02  2.344037e-03  2.343259e-03  7.782836e-07  0.033       9.979201e+01  9.979208e+01  -6.905863e-05 -0.000      
5.7000e-02  2.094203e-03  2.093258e-03  9.455293e-07  0.045       9.981418e+01  9.981427e+01  -8.389440e-05 -0.000      
5.8000e-02  1.870997e-03  1.869929e-03  1.068255e-06  0.057       9.983399e+01  9.983408e+01  -9.478135e-05 -0.000      
5.9000e-02  1.671581e-03  1.670427e-03  1.154056e-06  0.069       9.985168e+01  9.985178e+01  -1.023961e-04 -0.000      
6.0000e-02  1.493419e-03  1.492210e-03  1.209410e-06  0.081       9.986749e+01  9.986760e+01  -1.073052e-04 -0.000      
6.1000e-02  1.334246e-03  1.333006e-03  1.239834e-06  0.093       9.988161e+01  9.988172e+01  -1.100048e-04 -0.000      
6.2000e-02  1.192038e-03  1.190788e-03  1.250019e-06  0.105       9.989423e+01  9.989434e+01  -1.109145e-04 -0.000      
6.3000e-02  1.064988e-03  1.063744e-03  1.243932e-06  0.117       9.990550e+01  9.990561e+01  -1.103739e-04 -0.000      
6.4000e-02  9.514782e-04  9.502533e-04  1.224929e-06  0.129       9.991558e+01  9.991568e+01  -1.086831e-04 -0.000      
6.5000e-02  8.500670e-04  8.488711e-04  1.195834e-06  0.141       9.992457e+01  9.992468e+01  -1.061096e-04 -0.000      
6.6000e-02  7.594644e-04  7.583054e-04  1.159015e-06  0.153       9.993261e+01  9.993272e+01  -1.028402e-04 -0.000      
6.7000e-02  6.785185e-04  6.774021e-04  1.116451e-06  0.165       9.993980e+01  9.993989e+01  -9.906619e-05 -0.000      
6.8000e-02  6.062001e-04  6.051303e-04  1.069784e-06  0.177       9.994621e+01  9.994631e+01  -9.492362e-05 -0.000      
6.9000e-02  5.415896e-04  5.405692e-04  1.020375e-06  0.189       9.995194e+01  9.995204e+01  -9.054211e-05 -0.000      
7.0000e-02  4.838654e-04  4.828961e-04  9.693390e-07  0.201       9.995707e+01  9.995715e+01  -8.600741e-05 -0.000      
7.1000e-02  4.322937e-04  4.313761e-04  9.175844e-07  0.213       9.996164e+01  9.996172e+01  -8.141454e-05 -0.000      
7.2000e-02  3.862186e-04  3.853527e-04  8.658449e-07  0.225       9.996573e+01  9.996581e+01  -7.682973e-05 -0.000      
7.3000e-02  3.450543e-04  3.442396e-04  8.147059e-07  0.237       9.996938e+01  9.996946e+01  -7.229061e-05 -0.000      
7.4000e-02  3.082774e-04  3.075128e-04  7.646278e-07  0.249       9.997265e+01  9.997271e+01  -6.784523e-05 -0.000      
7.5000e-02  2.754203e-04  2.747044e-04  7.159656e-07  0.261       9.997556e+01  9.997563e+01  -6.353155e-05 -0.000      
7.6000e-02  2.460653e-04  2.453963e-04  6.689870e-07  0.273       9.997817e+01  9.997823e+01  -5.935988e-05 -0.000      
7.7000e-02  2.198389e-04  2.192150e-04  6.238861e-07  0.285       9.998049e+01  9.998055e+01  -5.536153e-05 -0.000      
7.8000e-02  1.964079e-04  1.958271e-04  5.807969e-07  0.297       9.998257e+01  9.998262e+01  -5.153766e-05 -0.000      
7.9000e-02  1.754742e-04  1.749344e-04  5.398029e-07  0.309       9.998443e+01  9.998448e+01  -4.789314e-05 -0.000      
8.0000e-02  1.567716e-04  1.562707e-04  5.009474e-07  0.321       9.998609e+01  9.998613e+01  -4.445033e-05 -0.000      
8.1000e-02  1.400625e-04  1.395982e-04  4.642405e-07  0.333       9.998757e+01  9.998761e+01  -4.118885e-05 -0.000      
8.2000e-02  1.251342e-04  1.247045e-04  4.296657e-07  0.345       9.998890e+01  9.998893e+01  -3.812725e-05 -0.000      
8.3000e-02  1.117970e-04  1.113999e-04  3.971858e-07  0.357       9.999008e+01  9.999012e+01  -3.524332e-05 -0.000      
8.4000e-02  9.988140e-05  9.951465e-05  3.667471e-07  0.369       9.999114e+01  9.999117e+01  -3.253995e-05 -0.000      
8.5000e-02  8.923576e-05  8.889747e-05  3.382836e-07  0.381       9.999208e+01  9.999211e+01  -3.001378e-05 -0.000      
8.6000e-02  7.972476e-05  7.941304e-05  3.117203e-07  0.393       9.999293e+01  9.999295e+01  -2.765429e-05 -0.000      
8.7000e-02  7.122746e-05  7.094049e-05  2.869754e-07  0.405       9.999368e+01  9.999371e+01  -2.546107e-05 -0.000      
8.8000e-02  6.363584e-05  6.337188e-05  2.639633e-07  0.417       9.999435e+01  9.999438e+01  -2.341739e-05 -0.000      
8.9000e-02  5.685335e-05  5.661075e-05  2.425957e-07  0.429       9.999496e+01  9.999498e+01  -2.152831e-05 -0.000      
9.0000e-02  5.079376e-05  5.057097e-05  2.227837e-07  0.441       9.999549e+01  9.999551e+01  -1.977175e-05 -0.000      
9.1000e-02  4.538002e-05  4.517558e-05  2.044384e-07  0.453       9.999597e+01  9.999599e+01  -1.814122e-05 -0.000      
9.2000e-02  4.054328e-05  4.035581e-05  1.874723e-07  0.465       9.999640e+01  9.999642e+01  -1.663888e-05 -0.000      
9.3000e-02  3.622207e-05  3.605027e-05  1.717999e-07  0.477       9.999679e+01  9.999680e+01  -1.524788e-05 -0.000      
9.4000e-02  3.236142e-05  3.220408e-05  1.573381e-07  0.489       9.999713e+01  9.999714e+01  -1.396298e-05 -0.000      
9.5000e-02  2.891224e-05  2.876824e-05  1.440071e-07  0.501       9.999743e+01  9.999745e+01  -1.277856e-05 -0.000      
9.6000e-02  2.583069e-05  2.569896e-05  1.317301e-07  0.513       9.999771e+01  9.999772e+01  -1.169322e-05 -0.000      
9.7000e-02  2.307759e-05  2.295715e-05  1.204339e-07  0.525       9.999795e+01  9.999796e+01  -1.069033e-05 -0.000      
9.8000e-02  2.061791e-05  2.050786e-05  1.100489e-07  0.537       9.999817e+01  9.999818e+01  -9.763807e-06 -0.000      
9.9000e-02  1.842040e-05  1.831989e-05  1.005093e-07  0.549       9.999837e+01  9.999837e+01  -8.918618e-06 -0.000      
1.0000e-01  1.645710e-05  1.636534e-05  9.175277e-08  0.561       9.999854e+01  9.999855e+01  -8.145504e-06 -0.000      
