# Comparacao MATLAB (analitico) x PSIM - caso criticamente_amortecido (R = 62 ohm, L = 100 mH, C = 100 uF, Vs = 100 V)
Time(s)     IT_calc(A)    IT_psim(A)    Erro_IT(A)    Erro_IT(%)  VC_calc(V)    VC_psim(V)    Erro_VC(V)    Erro_VC(%)  
1.0000e-03  7.329703e-01  6.480663e-01  8.490399e-02  13.101      4.076200e+00  5.112991e+00  -1.036790e+00 -20.278     
2.0000e-03  1.073094e+00  9.694677e-01  1.036260e-01  10.689      1.335870e+01  1.416445e+01  -8.057527e-01 -5.689      
3.0000e-03  1.176749e+00  1.125881e+00  5.086760e-02  4.518       2.475583e+01  2.464120e+01  1.146340e-01  0.465       
4.0000e-03  1.145536e+00  1.125318e+00  2.021836e-02  1.797       3.644816e+01  3.589719e+01  5.509624e-01  1.535       
5.0000e-03  1.044079e+00  1.040722e+00  3.356292e-03  0.322       4.743510e+01  4.672739e+01  7.077020e-01  1.515       
6.0000e-03  9.123323e-01  9.174580e-01  -5.125704e-03 -0.559      5.723053e+01  5.651829e+01  7.122376e-01  1.260       
7.0000e-03  7.740295e-01  7.827166e-01  -8.687004e-03 -1.110      6.566103e+01  6.501917e+01  6.418589e-01  0.987       
8.0000e-03  6.424218e-01  6.519212e-01  -9.499404e-03 -1.457      7.273416e+01  7.219236e+01  5.418022e-01  0.750       
9.0000e-03  5.241427e-01  5.330367e-01  -8.893991e-03 -1.669      7.855433e+01  7.811715e+01  4.371840e-01  0.560       
1.0000e-02  4.217758e-01  4.294367e-01  -7.660911e-03 -1.784      8.327031e+01  8.292951e+01  3.407961e-01  0.411       
1.1000e-02  3.355346e-01  3.417830e-01  -6.248407e-03 -1.828      8.704374e+01  8.678561e+01  2.581248e-01  0.297       
1.2000e-02  2.643422e-01  2.692356e-01  -4.893416e-03 -1.818      9.003123e+01  8.984070e+01  1.905238e-01  0.212       
1.3000e-02  2.065071e-01  2.102132e-01  -3.706083e-03 -1.763      9.237512e+01  9.223795e+01  1.371766e-01  0.149       
1.4000e-02  1.601321e-01  1.628557e-01  -2.723530e-03 -1.672      9.419957e+01  9.410329e+01  9.627343e-02  0.102       
1.5000e-02  1.233496e-01  1.252929e-01  -1.943367e-03 -1.551      9.560972e+01  9.554404e+01  6.568868e-02  0.069       
1.6000e-02  9.444584e-02  9.578985e-02  -1.344010e-03 -1.403      9.669280e+01  9.664945e+01  4.334693e-02  0.045       
1.7000e-02  7.191674e-02  7.281330e-02  -8.965585e-04 -1.231      9.751986e+01  9.749247e+01  2.739939e-02  0.028       
1.8000e-02  5.448197e-02  5.505332e-02  -5.713586e-04 -1.038      9.814809e+01  9.813180e+01  1.628990e-02  0.017       
1.9000e-02  4.107626e-02  4.141758e-02  -3.413219e-04 -0.824      9.862291e+01  9.861415e+01  8.759620e-03  0.009       
2.0000e-02  3.082879e-02  3.101211e-02  -1.833161e-04 -0.591      9.898012e+01  9.897630e+01  3.820820e-03  0.004       
2.1000e-02  2.303766e-02  2.311613e-02  -7.846836e-05 -0.339      9.924766e+01  9.924694e+01  7.177634e-04  0.001       
2.2000e-02  1.714375e-02  1.715565e-02  -1.190069e-05 -0.069      9.944719e+01  9.944830e+01  -1.115076e-03 -0.001      
2.3000e-02  1.270606e-02  1.267827e-02  2.779118e-05  0.219       9.959538e+01  9.959747e+01  -2.092297e-03 -0.002      
2.4000e-02  9.379727e-03  9.330590e-03  4.913669e-05  0.527       9.970500e+01  9.970752e+01  -2.511773e-03 -0.003      
2.5000e-02  6.897086e-03  6.838716e-03  5.837038e-05  0.854       9.978578e+01  9.978836e+01  -2.583056e-03 -0.003      
2.6000e-02  5.051800e-03  4.991854e-03  5.994645e-05  1.201       9.984506e+01  9.984752e+01  -2.450237e-03 -0.002      
2.7000e-02  3.685760e-03  3.628788e-03  5.697133e-05  1.570       9.988841e+01  9.989062e+01  -2.209783e-03 -0.002      
2.8000e-02  2.678491e-03  2.626938e-03  5.155342e-05  1.962       9.991997e+01  9.992190e+01  -1.924193e-03 -0.002      
2.9000e-02  1.938669e-03  1.893592e-03  4.507757e-05  2.381       9.994287e+01  9.994450e+01  -1.632222e-03 -0.002      
3.0000e-02  1.397399e-03  1.358984e-03  3.841530e-05  2.827       9.995941e+01  9.996076e+01  -1.356387e-03 -0.001      
3.1000e-02  1.002944e-03  9.708618e-04  3.208232e-05  3.305       9.997130e+01  9.997241e+01  -1.108402e-03 -0.001      
3.2000e-02  7.166216e-04  6.902674e-04  2.635413e-05  3.818       9.997982e+01  9.998072e+01  -8.930206e-04 -0.001      
3.3000e-02  5.096304e-04  4.882811e-04  2.134928e-05  4.372       9.998590e+01  9.998661e+01  -7.107425e-04 -0.001      
3.4000e-02  3.606138e-04  3.435258e-04  1.708803e-05  4.974       9.999021e+01  9.999077e+01  -5.595585e-04 -0.001      
3.5000e-02  2.537982e-04  2.402654e-04  1.353281e-05  5.632       9.999325e+01  9.999369e+01  -4.362446e-04 -0.000      
3.6000e-02  1.775791e-04  1.669638e-04  1.061537e-05  6.358       9.999539e+01  9.999572e+01  -3.370464e-04 -0.000      
3.7000e-02  1.234526e-04  1.151982e-04  8.254444e-06  7.165       9.999688e+01  9.999713e+01  -2.582223e-04 -0.000      
3.8000e-02  8.521117e-05  7.884446e-05  6.366714e-06  8.075       9.999791e+01  9.999811e+01  -1.962600e-04 -0.000      
3.9000e-02  5.834143e-05  5.346816e-05  4.873274e-06  9.114       9.999862e+01  9.999877e+01  -1.480100e-04 -0.000      
4.0000e-02  3.957499e-05  3.587201e-05  3.702987e-06  10.323      9.999910e+01  9.999921e+01  -1.107805e-04 -0.000      
4.1000e-02  2.655470e-05  2.376081e-05  2.793894e-06  11.758      9.999943e+01  9.999951e+01  -8.228933e-05 -0.000      
4.2000e-02  1.758785e-05  1.549445e-05  2.093399e-06  13.511      9.999965e+01  9.999971e+01  -6.066801e-05 -0.000      
4.3000e-02  1.146426e-05  9.906515e-06  1.557745e-06  15.724      9.999979e+01  9.999983e+01  -4.438315e-05 -0.000      
4.4000e-02  7.322786e-06  6.171665e-06  1.151121e-06  18.652      9.999988e+01  9.999992e+01  -3.220336e-05 -0.000      
4.5000e-02  4.553676e-06  3.709056e-06  8.446203e-07  22.772      9.999994e+01  9.999996e+01  -2.316266e-05 -0.000      
4.6000e-02  2.727487e-06  2.112298e-06  6.151881e-07  29.124      9.999998e+01  9.999999e+01  -1.651088e-05 -0.000      
4.7000e-02  1.543509e-06  1.098882e-06  4.446277e-07  40.462      1.000000e+02  1.000000e+02  -1.162225e-05 -0.000      
4.8000e-02  7.925145e-07  4.738020e-07  3.187125e-07  nan         1.000000e+02  1.000000e+02  -8.134506e-06 -0.000      
4.9000e-02  3.299462e-07  1.035308e-07  2.264154e-07  nan         1.000000e+02  1.000000e+02  -5.615519e-06 -0.000      
5.0000e-02  5.672388e-08  -1.025344e-07 1.592582e-07  nan         1.000000e+02  1.000000e+02  -3.807908e-06 -0.000      
5.1000e-02  -9.444704e-08 -2.052184e-07 1.107713e-07  nan         1.000000e+02  1.000000e+02  -2.476619e-06 -0.000      
5.2000e-02  -1.687880e-07 -2.448418e-07 7.605377e-08  nan         1.000000e+02  1.000000e+02  -1.642414e-06 -0.000      
5.3000e-02  -1.963042e-07 -2.477231e-07 5.141890e-08  nan         1.000000e+02  1.000000e+02  -9.974331e-07 -0.000      
5.4000e-02  -1.965975e-07 -2.307102e-07 3.411271e-08  nan         1.000000e+02  1.000000e+02  -5.785238e-07 -0.000      
5.5000e-02  -1.822248e-07 -2.043168e-07 2.209202e-08  nan         1.000000e+02  1.000000e+02  -3.810113e-07 -0.000      
5.6000e-02  -1.610248e-07 -1.748764e-07 1.385156e-08  nan         1.000000e+02  1.000000e+02  -2.006016e-07 -0.000      
5.7000e-02  -1.377190e-07 -1.460093e-07 8.290244e-09  nan         1.000000e+02  1.000000e+02  -9.470854e-08 -0.000      
5.8000e-02  -1.150030e-07 -1.196116e-07 4.608600e-09  nan         1.000000e+02  1.000000e+02  4.291164e-08  0.000       
5.9000e-02  -9.428319e-08 -9.651387e-08 2.230688e-09  nan         1.000000e+02  1.000000e+02  9.849064e-08  0.000       
6.0000e-02  -7.616859e-08 -7.691366e-08 7.450721e-10  nan         1.000000e+02  1.000000e+02  4.851258e-08  0.000       
6.1000e-02  -6.079432e-08 -6.065485e-08 -1.394734e-10 nan         1.000000e+02  1.000000e+02  6.595592e-08  0.000       
6.2000e-02  -4.803051e-08 -4.740351e-08 -6.269993e-10 nan         1.000000e+02  1.000000e+02  2.391046e-08  0.000       
6.3000e-02  -3.761435e-08 -3.675553e-08 -8.588200e-10 nan         1.000000e+02  1.000000e+02  9.751484e-08  0.000       
6.4000e-02  -2.923096e-08 -2.829946e-08 -9.314992e-10 nan         1.000000e+02  1.000000e+02  6.484733e-08  0.000       
6.5000e-02  -2.256070e-08 -2.165073e-08 -9.099624e-10 nan         1.000000e+02  1.000000e+02  7.187765e-09  0.000       
6.6000e-02  -1.730501e-08 -1.646803e-08 -8.369705e-10 nan         1.000000e+02  1.000000e+02  8.921944e-09  0.000       
6.7000e-02  -1.319872e-08 -1.245872e-08 -7.400020e-10 nan         1.000000e+02  1.000000e+02  5.726051e-08  0.000       
6.8000e-02  -1.001425e-08 -9.378169e-09 -6.360819e-10 nan         1.000000e+02  1.000000e+02  4.187895e-08  0.000       
6.9000e-02  -7.561029e-09 -7.025803e-09 -5.352263e-10 nan         1.000000e+02  1.000000e+02  5.454181e-08  0.000       
7.0000e-02  -5.682496e-09 -5.239651e-09 -4.428452e-10 nan         1.000000e+02  1.000000e+02  -1.125395e-08 -0.000      
7.1000e-02  -4.251956e-09 -3.890527e-09 -3.614289e-10 nan         1.000000e+02  1.000000e+02  3.940139e-08  0.000       
7.2000e-02  -3.168143e-09 -2.876544e-09 -2.915988e-10 nan         1.000000e+02  1.000000e+02  2.553520e-09  0.000       
7.3000e-02  -2.350954e-09 -2.118006e-09 -2.329482e-10 nan         1.000000e+02  1.000000e+02  -2.484829e-08 -0.000      
7.4000e-02  -1.737593e-09 -1.553093e-09 -1.845003e-10 nan         1.000000e+02  1.000000e+02  5.485657e-08  0.000       
7.5000e-02  -1.279213e-09 -1.134197e-09 -1.450155e-10 nan         1.000000e+02  1.000000e+02  3.988447e-08  0.000       
7.6000e-02  -9.380834e-10 -8.248915e-10 -1.131919e-10 nan         1.000000e+02  1.000000e+02  2.888245e-08  0.000       
7.7000e-02  -6.852408e-10 -5.974462e-10 -8.779462e-11 nan         1.000000e+02  1.000000e+02  2.082928e-08  0.000       
7.8000e-02  -4.985794e-10 -4.308721e-10 -6.770732e-11 nan         1.000000e+02  1.000000e+02  1.495761e-08  0.000       
7.9000e-02  -3.613159e-10 -3.093839e-10 -5.193206e-11 nan         1.000000e+02  1.000000e+02  1.069347e-08  0.000       
8.0000e-02  -2.607709e-10 -2.211434e-10 -3.962756e-11 nan         1.000000e+02  1.000000e+02  7.609245e-09  0.000       
8.1000e-02  -1.874097e-10 -1.573211e-10 -3.008858e-11 nan         1.000000e+02  1.000000e+02  5.387690e-09  0.000       
8.2000e-02  -1.340940e-10 -1.113543e-10 -2.273965e-11 nan         1.000000e+02  1.000000e+02  3.794426e-09  0.000       
8.3000e-02  -9.550220e-11 -7.839459e-11 -1.710761e-11 nan         1.000000e+02  1.000000e+02  2.656890e-09  0.000       
8.4000e-02  -6.768340e-11 -5.486741e-11 -1.281599e-11 nan         1.000000e+02  1.000000e+02  1.848591e-09  0.000       
8.5000e-02  -4.771594e-11 -3.816053e-11 -9.555413e-12 nan         1.000000e+02  1.000000e+02  1.277130e-09  0.000       
8.6000e-02  -3.344787e-11 -2.634950e-11 -7.098372e-12 nan         1.000000e+02  1.000000e+02  8.753460e-10  0.000       
8.7000e-02  -2.330031e-11 -1.805197e-11 -5.248345e-12 nan         1.000000e+02  1.000000e+02  5.944969e-10  0.000       
8.8000e-02  -1.611936e-11 -1.225487e-11 -3.864487e-12 nan         1.000000e+02  1.000000e+02  3.994813e-10  0.000       
8.9000e-02  -1.106502e-11 -8.236548e-12 -2.828476e-12 nan         1.000000e+02  1.000000e+02  2.650324e-10  0.000       
9.0000e-02  -7.528256e-12 -5.461668e-12 -2.066588e-12 nan         1.000000e+02  1.000000e+02  1.731308e-10  0.000       
9.1000e-02  -5.069258e-12 -3.571091e-12 -1.498167e-12 nan         1.000000e+02  1.000000e+02  1.108873e-10  0.000       
9.2000e-02  -3.371784e-12 -2.290377e-12 -1.081407e-12 nan         1.000000e+02  1.000000e+02  6.920686e-11  0.000       
9.3000e-02  -2.209429e-12 -1.433180e-12 -7.762496e-13 nan         1.000000e+02  1.000000e+02  4.168044e-11  0.000       
9.4000e-02  -1.420848e-12 -8.639736e-13 -5.568742e-13 nan         1.000000e+02  1.000000e+02  2.377476e-11  0.000       
9.5000e-02  -8.916199e-13 -4.946672e-13 -3.969526e-13 nan         1.000000e+02  1.000000e+02  1.240608e-11  0.000       
9.6000e-02  -5.410250e-13 -2.608861e-13 -2.801388e-13 nan         1.000000e+02  1.000000e+02  5.371703e-12  0.000       
9.7000e-02  -3.124372e-13 -1.219727e-13 -1.904645e-13 nan         1.000000e+02  1.000000e+02  1.179501e-12  0.000       
9.8000e-02  -1.663775e-13 -3.388132e-14 -1.324961e-13 nan         1.000000e+02  1.000000e+02  -1.151079e-12 -0.000      
9.9000e-02  -7.550847e-14 1.694066e-14  -9.244913e-14 nan         1.000000e+02  1.000000e+02  -2.330580e-12 -0.000      
1.0000e-01  -2.104516e-14 4.404571e-14  -6.509087e-14 nan         1.000000e+02  1.000000e+02  -2.785328e-12 -0.000      
